neurons:
0, -54.000000, 90.000000, 0
1, -36.000000, 90.000000, 0
2, -18.000000, 90.000000, 0
3, -63.000000, 99.000000, 0
4, -9.000000, 99.000000, 0
5, -9.000000, 144.000000, 0
6, -63.000000, 144.000000, 0
7, -54.000000, 108.000000, 0
8, -36.000000, 108.000000, 0
9, -54.000000, 117.000000, 0
10, -45.000000, 117.000000, 0
11, -45.000000, 108.000000, 0
12, -45.000000, 126.000000, 0
13, -18.000000, 108.000000, 0
14, -27.000000, 117.000000, 0
15, -27.000000, 108.000000, 0
16, -36.000000, 117.000000, 0
17, -36.000000, 126.000000, 0
18, -54.000000, 126.000000, 0
19, -54.000000, 135.000000, 0
20, -45.000000, 135.000000, 0
21, -36.000000, 135.000000, 0
22, -27.000000, 135.000000, 0
23, -27.000000, 126.000000, 0
24, -18.000000, 135.000000, 0
25, -18.000000, 126.000000, 0
axons:
3, 4
4, 5
5, 6
6, 3
0, 7
1, 8
8, 10
11, 10
7, 9
9, 10
10, 12
2, 13
13, 14
8, 14
15, 14
14, 16
16, 17
12, 18
18, 19
19, 20
20, 21
21, 22
17, 22
23, 22
22, 25
24, 25
13, 25
25, 5
