neurons:
0, -27.000000, 99.000000, 0
1, 9.000000, 99.000000, 0
2, -27.000000, 45.000000, 0
3, 9.000000, 45.000000, 0
4, 0.000000, 63.000000, 0
5, -9.000000, 63.000000, 0
6, 0.000000, 54.000000, 0
7, -9.000000, 81.000000, 1
8, -18.000000, 90.000000, 0
9, -9.000000, 90.000000, 0
10, 0.000000, 90.000000, 0
11, -0.000000, 81.000000, 2
12, -9.000000, 72.000000, 0
13, -0.000000, 72.000000, 0
14, -18.000000, 81.000000, 1
15, -18.000000, 72.000000, 2
16, -18.000000, 63.000000, 0
17, 18.000000, 72.000000, 0
18, -18.000000, 54.000000, 0
19, -9.000000, 54.000000, 0
axons:
0, 2
2, 3
3, 1
1, 0
4, 5
5, 6
6, 4
7, 8
8, 9
9, 10
10, 11
11, 7
11, 13
12, 13
13, 5
16, 15
15, 14
14, 16
17, 13
19, 18
16, 18
5, 18
18, 2
