neurons:
0, -81.000000, 63.000000, 0
1, -72.000000, 63.000000, 2
2, -63.000000, 63.000000, 1
3, -54.000000, 63.000000, 0
4, -45.000000, 63.000000, 0
5, -36.000000, 63.000000, 0
6, -27.000000, 63.000000, 0
7, -99.000000, 72.000000, 2
8, -99.000000, 63.000000, 0
9, -90.000000, 63.000000, 1
10, -54.000000, 72.000000, 1
11, -54.000000, 54.000000, 2
12, -81.000000, 54.000000, 0
13, -90.000000, 18.000000, 1
14, -72.000000, 18.000000, 0
15, -117.000000, -9.000000, 0
16, -99.000000, 0.000000, 1
17, -99.000000, -9.000000, 0
18, -90.000000, 0.000000, 0
19, -72.000000, 0.000000, 0
20, -63.000000, 0.000000, 2
21, -63.000000, -9.000000, 0
22, -54.000000, -0.000000, 0
23, -81.000000, 0.000000, 0
24, -81.000000, -9.000000, 0
25, -27.000000, 18.000000, 2
26, -18.000000, 18.000000, 1
27, -9.000000, 18.000000, 0
28, -0.000000, 18.000000, 2
29, 9.000000, 18.000000, 1
30, 18.000000, 18.000000, 0
31, 27.000000, 18.000000, 2
32, 36.000000, 18.000000, 1
33, -99.000000, -54.000000, 1
34, -99.000000, -63.000000, 0
35, -90.000000, -63.000000, 0
36, -81.000000, -54.000000, 0
37, -81.000000, -63.000000, 0
38, -72.000000, -63.000000, 0
39, -63.000000, -54.000000, 2
40, -63.000000, -63.000000, 0
41, -54.000000, -63.000000, 0
42, -108.000000, 18.000000, 2
43, -108.000000, -72.000000, 0
44, -36.000000, -18.000000, 0
45, -36.000000, -27.000000, 0
46, -36.000000, -36.000000, 0
47, -27.000000, -18.000000, 0
48, -27.000000, -27.000000, 0
49, -27.000000, -36.000000, 0
50, -144.000000, -72.000000, 0
51, -18.000000, -18.000000, 0
52, -9.000000, 27.000000, 1
53, -54.000000, -9.000000, 0
54, -72.000000, -9.000000, 0
55, -90.000000, -9.000000, 0
56, -90.000000, -18.000000, 0
57, -45.000000, -18.000000, 0
58, -72.000000, -27.000000, 0
59, -45.000000, -27.000000, 0
60, -45.000000, -36.000000, 0
61, -54.000000, -36.000000, 0
62, -90.000000, -54.000000, 0
63, -72.000000, -54.000000, 0
64, -54.000000, -54.000000, 0
65, -9.000000, -18.000000, 0
66, -9.000000, 9.000000, 0
67, 45.000000, 18.000000, 0
68, 54.000000, 18.000000, 2
69, 63.000000, 18.000000, 1
70, 72.000000, 18.000000, 0
71, 81.000000, 18.000000, 2
72, 18.000000, 9.000000, 0
73, 27.000000, 9.000000, 2
74, 36.000000, 9.000000, 1
75, 45.000000, 9.000000, 0
76, 54.000000, 9.000000, 2
77, 63.000000, 9.000000, 1
78, 72.000000, 9.000000, 0
79, 81.000000, 9.000000, 2
80, 18.000000, 0.000000, 0
81, 27.000000, -0.000000, 2
82, 36.000000, -0.000000, 1
83, 45.000000, -0.000000, 0
84, 54.000000, 0.000000, 2
85, 63.000000, -0.000000, 1
86, 72.000000, 0.000000, 0
87, 81.000000, 0.000000, 2
88, -144.000000, -9.000000, 0
axons:
0, 1
1, 2
2, 3
3, 4
4, 5
5, 6
7, 9
9, 8
8, 7
9, 0
10, 3
11, 3
1, 10
12, 11
9, 12
13, 14
15, 17
13, 23
14, 20
15, 24
15, 21
14, 25
25, 26
26, 27
27, 28
28, 29
29, 30
30, 31
31, 32
42, 16
42, 13
14, 42
43, 34
43, 37
43, 40
42, 33
13, 36
14, 39
47, 48
48, 49
49, 47
44, 47
45, 48
46, 49
50, 43
47, 51
25, 52
52, 27
22, 53
20, 53
21, 53
19, 54
23, 54
24, 54
18, 55
16, 55
17, 55
56, 57
57, 44
55, 56
59, 45
58, 59
60, 46
61, 60
54, 58
53, 61
33, 62
35, 62
34, 62
62, 57
38, 63
37, 63
36, 63
40, 64
41, 64
39, 64
63, 59
64, 60
51, 65
65, 66
66, 27
32, 67
67, 68
68, 69
69, 70
70, 71
72, 73
73, 74
74, 75
75, 76
76, 77
77, 78
78, 79
29, 72
29, 80
80, 81
81, 82
82, 83
83, 84
84, 85
85, 86
86, 87
88, 15
