neurons:
0, 9.000000, 63.000000, 2
1, 18.000000, 63.000000, 1
2, 27.000000, 63.000000, 0
3, 36.000000, 63.000000, 0
4, 45.000000, 63.000000, 0
5, 54.000000, 63.000000, 0
6, 63.000000, 63.000000, 2
7, 72.000000, 63.000000, 1
8, 81.000000, 63.000000, 0
9, 90.000000, 63.000000, 0
10, 99.000000, 63.000000, 0
11, 108.000000, 63.000000, 0
12, 117.000000, 63.000000, 2
13, 126.000000, 63.000000, 1
14, 144.000000, 63.000000, 0
15, 135.000000, 63.000000, 0
16, 153.000000, 63.000000, 0
17, 162.000000, 63.000000, 0
18, -63.000000, 45.000000, 0
19, -63.000000, 27.000000, 2
20, -45.000000, 45.000000, 0
21, 9.000000, 54.000000, 2
22, 18.000000, 54.000000, 1
23, 27.000000, 54.000000, 0
24, 36.000000, 54.000000, 0
25, 45.000000, 54.000000, 0
26, 54.000000, 54.000000, 0
27, 63.000000, 54.000000, 2
28, 81.000000, 54.000000, 0
29, 72.000000, 54.000000, 1
30, 90.000000, 54.000000, 0
31, 99.000000, 54.000000, 0
32, 108.000000, 54.000000, 0
33, 117.000000, 54.000000, 2
34, 126.000000, 54.000000, 1
35, 135.000000, 54.000000, 0
36, 144.000000, 54.000000, 0
37, 153.000000, 54.000000, 0
38, 162.000000, 54.000000, 0
39, -45.000000, 27.000000, 0
40, -27.000000, 27.000000, 0
41, -63.000000, 9.000000, 1
42, -18.000000, 54.000000, 0
43, -27.000000, 45.000000, 0
44, 18.000000, 45.000000, 1
45, 27.000000, 45.000000, 0
46, 36.000000, 45.000000, 0
47, 45.000000, 45.000000, 0
48, 54.000000, 45.000000, 0
49, 63.000000, 45.000000, 2
50, 72.000000, 45.000000, 1
51, 81.000000, 45.000000, 0
52, 90.000000, 45.000000, 0
53, 99.000000, 45.000000, 0
54, 108.000000, 45.000000, 0
55, 117.000000, 45.000000, 2
56, 126.000000, 45.000000, 1
57, 135.000000, 45.000000, 0
58, 144.000000, 45.000000, 0
59, 153.000000, 45.000000, 0
60, 162.000000, 45.000000, 0
61, -9.000000, 27.000000, 2
62, -0.000000, 18.000000, 0
63, -27.000000, -0.000000, 2
64, -18.000000, -0.000000, 1
65, -9.000000, -0.000000, 0
66, -0.000000, 0.000000, 2
67, 9.000000, -0.000000, 1
68, 18.000000, -0.000000, 0
69, 18.000000, -9.000000, 2
70, 9.000000, -9.000000, 1
71, 0.000000, -9.000000, 0
72, -9.000000, -9.000000, 2
73, -36.000000, 0.000000, 1
axons:
0, 1
1, 2
2, 3
3, 4
4, 5
5, 6
6, 7
7, 8
8, 9
9, 10
10, 11
11, 12
12, 13
13, 15
15, 14
14, 16
16, 17
18, 19
18, 20
21, 22
22, 23
23, 24
24, 25
25, 26
26, 27
27, 29
29, 28
28, 30
30, 31
31, 32
32, 33
33, 34
34, 35
35, 36
36, 37
37, 38
39, 40
40, 39
19, 39
19, 41
41, 18
40, 21
20, 43
43, 20
43, 42
42, 0
44, 45
45, 46
46, 47
47, 48
48, 49
49, 50
50, 51
51, 52
52, 53
53, 54
54, 55
55, 56
56, 57
57, 58
58, 59
59, 60
40, 61
62, 61
61, 44
63, 64
40, 63
64, 65
65, 66
66, 67
67, 68
68, 69
69, 70
70, 71
71, 72
72, 73
73, 63
