neurons:
0, -63.000000, 90.000000, 1
1, -54.000000, 90.000000, 0
2, -45.000000, 90.000000, 0
3, -36.000000, 90.000000, 2
4, -63.000000, 81.000000, 0
5, -54.000000, 81.000000, 0
6, -45.000000, 81.000000, 2
7, -36.000000, 81.000000, 1
8, -72.000000, 81.000000, 0
9, 9.000000, 90.000000, 1
10, 9.000000, 81.000000, 0
11, 18.000000, 90.000000, 0
12, 18.000000, 81.000000, 0
13, 45.000000, 90.000000, 0
14, 54.000000, 81.000000, 1
15, 54.000000, 90.000000, 2
16, -63.000000, 36.000000, 1
17, -54.000000, 36.000000, 0
18, -45.000000, 36.000000, 2
19, -81.000000, 27.000000, 2
20, -72.000000, 27.000000, 1
21, -63.000000, 27.000000, 0
22, -54.000000, 27.000000, 0
23, -45.000000, 27.000000, 0
24, -27.000000, 27.000000, 2
25, -18.000000, 27.000000, 0
26, -18.000000, 36.000000, 0
27, -99.000000, 18.000000, 0
28, -90.000000, 18.000000, 0
29, -81.000000, 18.000000, 2
30, -72.000000, 18.000000, 1
31, -63.000000, 18.000000, 0
32, -54.000000, 18.000000, 0
33, -45.000000, 18.000000, 0
34, 9.000000, 27.000000, 0
35, 9.000000, 18.000000, 0
36, 18.000000, 18.000000, 0
37, 18.000000, 27.000000, 0
38, 45.000000, 27.000000, 1
39, 54.000000, 36.000000, 0
40, 54.000000, 27.000000, 2
41, -27.000000, 36.000000, 1
42, -63.000000, 126.000000, 1
43, -54.000000, 126.000000, 0
44, -45.000000, 126.000000, 0
45, -36.000000, 126.000000, 2
46, 9.000000, 126.000000, 1
47, 9.000000, 117.000000, 0
48, 18.000000, 126.000000, 0
49, -99.000000, -9.000000, 2
50, -90.000000, -9.000000, 1
51, -81.000000, -9.000000, 0
52, -72.000000, -18.000000, 1
53, -81.000000, -18.000000, 2
54, -90.000000, -18.000000, 0
55, -99.000000, -18.000000, 0
56, -99.000000, -27.000000, 1
57, -90.000000, -27.000000, 0
58, -81.000000, -27.000000, 0
59, -72.000000, -27.000000, 0
60, -63.000000, -27.000000, 2
61, -54.000000, -36.000000, 0
62, -63.000000, -36.000000, 1
63, -72.000000, -36.000000, 2
64, -81.000000, -36.000000, 0
65, -90.000000, -36.000000, 0
66, -99.000000, -36.000000, 0
67, -108.000000, -36.000000, 0
68, -45.000000, -45.000000, 0
69, -54.000000, -45.000000, 0
70, -63.000000, -45.000000, 0
71, -72.000000, -45.000000, 0
72, -81.000000, -45.000000, 1
73, -90.000000, -45.000000, 2
74, -99.000000, -45.000000, 0
75, -108.000000, -45.000000, 0
76, -117.000000, -45.000000, 0
77, -126.000000, -45.000000, 0
78, -135.000000, -45.000000, 0
79, -18.000000, -9.000000, 0
80, -18.000000, -18.000000, 0
81, -27.000000, -9.000000, 2
82, -27.000000, -18.000000, 0
83, -9.000000, -27.000000, 0
84, -18.000000, -27.000000, 1
85, -9.000000, -18.000000, 0
86, 0.000000, -27.000000, 0
87, 0.000000, -36.000000, 0
88, -9.000000, -36.000000, 0
89, 0.000000, -45.000000, 0
90, 9.000000, -45.000000, 0
91, 9.000000, -36.000000, 0
92, 36.000000, -36.000000, 0
93, 36.000000, -45.000000, 0
94, 45.000000, -36.000000, 0
axons:
0, 1
1, 2
2, 3
4, 5
5, 6
6, 7
3, 0
7, 8
8, 4
10, 11
12, 11
9, 11
3, 9
7, 10
13, 15
15, 14
14, 13
11, 13
16, 17
17, 18
18, 16
19, 20
20, 21
21, 22
22, 23
23, 19
26, 25
24, 25
27, 28
28, 29
29, 30
30, 31
31, 32
32, 33
33, 27
35, 37
34, 37
36, 37
25, 34
33, 35
38, 39
39, 40
40, 38
37, 38
18, 41
23, 24
42, 43
43, 44
44, 45
45, 42
46, 48
48, 47
47, 46
45, 46
49, 50
50, 51
51, 49
55, 54
54, 53
53, 52
52, 55
56, 57
57, 58
58, 59
59, 60
60, 56
67, 66
66, 65
65, 64
64, 63
63, 62
62, 61
61, 67
78, 77
77, 76
76, 75
75, 74
74, 73
73, 72
72, 71
71, 70
70, 69
69, 68
68, 78
79, 80
81, 80
82, 80
51, 81
52, 82
80, 83
85, 83
60, 84
84, 83
61, 88
83, 87
86, 87
88, 87
91, 90
87, 90
68, 89
89, 90
92, 94
94, 93
93, 92
90, 93
41, 25
