neurons:
0, -27.000000, 63.000000, 0
1, -18.000000, 63.000000, 0
2, -18.000000, 72.000000, 0
3, -27.000000, 72.000000, 0
4, -9.000000, 72.000000, 0
5, -18.000000, 81.000000, 0
6, -72.000000, 72.000000, 0
7, -72.000000, 81.000000, 0
8, -27.000000, 27.000000, 0
9, -27.000000, 18.000000, 0
10, -18.000000, 27.000000, 0
11, -18.000000, 18.000000, 0
12, -72.000000, 27.000000, 0
13, -72.000000, 18.000000, 0
14, -27.000000, -9.000000, 0
15, -18.000000, -9.000000, 0
16, -27.000000, -18.000000, 0
17, -72.000000, -9.000000, 0
18, -72.000000, -18.000000, 0
19, 9.000000, 63.000000, 0
20, 18.000000, 63.000000, 0
21, 27.000000, 63.000000, 0
22, 36.000000, 63.000000, 0
23, 45.000000, 63.000000, 0
24, 54.000000, 63.000000, 0
25, 9.000000, 27.000000, 0
26, 18.000000, 27.000000, 0
27, 27.000000, 27.000000, 0
28, 36.000000, 27.000000, 0
29, 45.000000, 27.000000, 0
30, 54.000000, 27.000000, 0
31, 9.000000, -9.000000, 0
32, 18.000000, -9.000000, 0
33, 27.000000, -9.000000, 0
34, 36.000000, -9.000000, 0
35, 45.000000, -9.000000, 0
36, 54.000000, -9.000000, 0
37, -81.000000, 27.000000, 0
axons:
0, 2
2, 1
1, 0
3, 0
4, 2
4, 1
5, 4
5, 3
6, 3
7, 5
9, 10
8, 10
11, 10
12, 8
13, 9
17, 14
18, 16
14, 15
16, 15
1, 19
19, 20
20, 21
21, 22
22, 23
23, 24
10, 25
25, 26
26, 27
27, 28
28, 29
29, 30
15, 31
31, 32
32, 33
33, 34
34, 35
35, 36
37, 12
37, 13
