neurons:
0, -36.000000, 63.000000, 0
1, -45.000000, 63.000000, 0
2, -54.000000, 63.000000, 0
3, -63.000000, 72.000000, 0
4, -54.000000, 72.000000, 2
5, -45.000000, 72.000000, 1
6, -36.000000, 72.000000, 0
7, -90.000000, 36.000000, 1
8, -81.000000, 36.000000, 0
9, -72.000000, 36.000000, 2
10, -90.000000, 18.000000, 0
11, -81.000000, 18.000000, 0
12, -72.000000, 18.000000, 2
13, -63.000000, 18.000000, 1
14, -45.000000, 36.000000, 1
15, -45.000000, 27.000000, 0
16, -36.000000, 27.000000, 0
17, -36.000000, 36.000000, 0
18, -108.000000, 36.000000, 0
19, -18.000000, 36.000000, 2
20, -9.000000, 36.000000, 1
21, 0.000000, 36.000000, 0
22, 9.000000, 36.000000, 0
23, 18.000000, 36.000000, 0
24, 27.000000, 36.000000, 0
25, 27.000000, 27.000000, 0
26, 18.000000, 27.000000, 0
27, 9.000000, 27.000000, 0
28, -0.000000, 27.000000, 0
29, -9.000000, 27.000000, 0
30, -18.000000, 27.000000, 0
31, -18.000000, 72.000000, 0
32, -9.000000, 72.000000, 0
33, -0.000000, 72.000000, 0
34, 9.000000, 72.000000, 0
35, 9.000000, 63.000000, 2
36, 0.000000, 63.000000, 1
37, -9.000000, 63.000000, 0
axons:
0, 1
1, 2
2, 3
3, 4
4, 5
5, 6
7, 8
8, 9
9, 7
10, 11
11, 12
12, 13
13, 10
15, 17
16, 17
14, 17
18, 7
18, 10
9, 14
13, 15
17, 19
19, 20
20, 21
21, 22
22, 23
23, 24
24, 25
25, 26
26, 27
27, 28
28, 29
29, 30
31, 32
32, 33
33, 34
34, 35
35, 36
36, 37
6, 0
6, 31
