neurons:
0, -27.000000, -27.000000, 0
1, -18.000000, -18.000000, 0
2, -18.000000, -18.000000, 0
3, -18.000000, -18.000000, 0
4, -18.000000, -18.000000, 0
5, -18.000000, -18.000000, 0
6, -18.000000, -18.000000, 0
7, -18.000000, -18.000000, 2
8, -18.000000, -18.000000, 0
9, -18.000000, -18.000000, 1
10, -81.000000, 54.000000, 1
11, -72.000000, 54.000000, 0
12, -63.000000, 54.000000, 2
13, -18.000000, -18.000000, 1
14, -18.000000, -18.000000, 2
15, -18.000000, -18.000000, 0
16, -18.000000, -18.000000, 2
17, -81.000000, -18.000000, 0
18, -18.000000, -18.000000, 1
19, -18.000000, -18.000000, 0
20, -18.000000, -18.000000, 0
21, -18.000000, -18.000000, 0
22, -18.000000, -18.000000, 0
23, -18.000000, -18.000000, 0
24, -18.000000, -18.000000, 0
25, -18.000000, -18.000000, 0
26, -18.000000, -27.000000, 0
27, -18.000000, -18.000000, 0
28, -18.000000, -18.000000, 2
29, -18.000000, -18.000000, 1
30, -18.000000, -18.000000, 0
31, -18.000000, -18.000000, 0
32, -18.000000, -18.000000, 0
33, -18.000000, -18.000000, 0
34, -18.000000, -18.000000, 0
35, -18.000000, -18.000000, 0
36, -9.000000, -27.000000, 0
37, -18.000000, -18.000000, 0
38, -18.000000, -18.000000, 0
39, -18.000000, -18.000000, 0
40, -9.000000, -9.000000, 0
41, -18.000000, -9.000000, 0
42, -27.000000, -9.000000, 0
axons:
2, 1
4, 3
6, 5
0, 1
0, 3
0, 5
9, 5
8, 3
7, 1
9, 8
8, 7
10, 11
11, 12
12, 10
15, 14
14, 13
17, 16
16, 9
18, 15
16, 18
18, 19
10, 17
13, 25
20, 25
21, 24
14, 24
22, 23
15, 23
26, 23
26, 24
26, 25
19, 28
28, 29
29, 27
32, 35
31, 34
30, 33
27, 33
29, 34
28, 35
36, 35
36, 34
36, 33
39, 40
40, 41
41, 42
42, 40
38, 41
37, 42
33, 37
33, 37
25, 37
25, 37
1, 37
1, 37
3, 38
3, 38
24, 38
24, 38
34, 38
34, 38
35, 39
35, 39
23, 39
23, 39
5, 39
5, 39
