neurons:
0, -63.000000, 27.000000, 0
1, -54.000000, 27.000000, 0
2, -45.000000, 27.000000, 0
3, -36.000000, 27.000000, 0
4, -27.000000, 27.000000, 0
5, -18.000000, 27.000000, 0
6, -9.000000, 36.000000, 0
7, -9.000000, 18.000000, 0
8, 9.000000, 36.000000, 0
9, 18.000000, 36.000000, 0
10, 27.000000, 36.000000, 0
11, 9.000000, 18.000000, 0
12, 18.000000, 18.000000, 0
13, 27.000000, 18.000000, 0
14, -18.000000, 36.000000, 0
15, -9.000000, 45.000000, 0
16, 36.000000, 27.000000, 0
17, -72.000000, 27.000000, 0
18, -81.000000, 27.000000, 0
19, -90.000000, 27.000000, 0
20, -99.000000, 27.000000, 0
21, -108.000000, 36.000000, 0
22, -99.000000, 36.000000, 0
23, -108.000000, 45.000000, 0
24, -126.000000, 36.000000, 0
25, -135.000000, 36.000000, 0
26, -144.000000, 36.000000, 0
27, -153.000000, 27.000000, 0
28, -144.000000, 18.000000, 0
29, -135.000000, 18.000000, 0
30, -126.000000, 18.000000, 2
31, -108.000000, 18.000000, 1
axons:
0, 1
1, 0
1, 2
2, 1
2, 3
3, 2
3, 4
4, 3
4, 5
5, 4
5, 6
7, 5
6, 8
8, 9
9, 10
13, 12
12, 11
11, 7
14, 6
4, 14
15, 6
10, 16
16, 13
0, 17
17, 0
17, 18
18, 17
18, 19
19, 18
19, 20
20, 19
20, 21
19, 22
22, 21
23, 21
21, 24
24, 25
25, 26
26, 27
27, 28
28, 29
29, 30
30, 31
31, 20
