neurons:
0, -63.000000, 27.000000, 1
1, -54.000000, 27.000000, 2
2, -45.000000, 27.000000, 0
3, -36.000000, 27.000000, 0
4, -27.000000, 27.000000, 0
5, -18.000000, 36.000000, 0
6, -0.000000, -9.000000, 0
7, 0.000000, 36.000000, 0
8, 0.000000, 0.000000, 0
9, 0.000000, 9.000000, 0
10, -27.000000, 36.000000, 0
11, -18.000000, 45.000000, 0
12, -72.000000, 27.000000, 0
13, -81.000000, 27.000000, 0
14, -90.000000, 27.000000, 0
15, -99.000000, 27.000000, 0
16, -108.000000, 36.000000, 0
17, -99.000000, 36.000000, 0
18, -108.000000, 45.000000, 0
19, -126.000000, 36.000000, 0
20, -126.000000, 27.000000, 0
21, -126.000000, 0.000000, 0
22, -126.000000, -9.000000, 0
23, -63.000000, 54.000000, 0
24, -54.000000, 45.000000, 0
25, -72.000000, 45.000000, 1
26, -63.000000, 36.000000, 2
27, 0.000000, 18.000000, 0
28, 0.000000, 27.000000, 0
29, -126.000000, 18.000000, 0
30, -126.000000, 9.000000, 0
axons:
0, 1
1, 0
2, 3
3, 2
3, 4
4, 3
4, 5
6, 4
5, 7
9, 8
8, 6
10, 5
3, 10
11, 5
0, 12
12, 0
12, 13
13, 12
13, 14
14, 13
14, 15
15, 14
15, 16
14, 17
17, 16
18, 16
16, 19
19, 20
21, 22
22, 15
23, 24
24, 26
26, 25
25, 23
26, 0
1, 2
2, 1
7, 28
28, 27
27, 9
20, 29
29, 30
30, 21
